2048 200
8 8
32 16
8 8
8 64
8 8
8 256
16 8
64 32
8 8
32 16
8 8
32 64
8 256
128 128
32 16
512 256
512 16
128 64
256 128
64 32
128 64
128 256
64 64
16 8
16 8
128 16
16 8
64 32
8 8
16 8
512 256
512 8
512 512
128 64
32 16
32 8
32 16
16 8
256 128
128 64
64 64
32 8
16 128
512 256
512 8
32 16
256 128
128 64
64 64
16 8
128 256
256 128
64 32
8 16
32 16
128 64
512 32
32 16
64 32
256 64
8 8
256 64
32 16
8 64
64 32
512 16
256 8
16 8
16 8
8 128
8 64
8 8
32 16
8 64
128 64
64 16
16 512
64 32
8 8
256 128
32 16
32 16
16 32
32 16
512 256
128 16
128 64
512 256
256 128
512 128
64 32
256 16
32 16
512 256
256 8
16 8
8 8
256 256
8 128
128 16
512 512
512 512
256 256
8 8
512 512
512 512
32 32
64 64
128 128
64 64
64 64
1024 1024
64 64
32 32
8 8
1024 1024
64 64
512 512
1024 1024
64 64
16 8
16 128
64 64
8 32
128 8
16 64
128 128
32 1024
8 64
128 8
128 8
16 128
32 64
512 128
512 8
256 256
16 8
8 16
128 32
64 128
256 512
32 64
128 128
32 8
128 512
1024 256
8 8
128 64
128 64
512 1024
128 512
256 64
8 128
128 32
64 8
64 256
128 256
256 16
16 128
32 32
64 64
128 512
8 32
512 256
64 128
8 256
64 512
128 128
8 32
1024 512
512 32
8 256
64 32
8 32
64 256
64 64
64 1024
1024 64
512 128
128 128
1024 32
8 1024
512 256
1024 256
16 1024
1024 1024
512 8
16 1024
128 256
32 256
128 64
64 1024
256 64
1024 1024
64 64
64 1024
128 512
512 32
32 256
64 8
