2048 200
512 256
128 64
8 8
16 8
32 512
64 16
16 512
128 64
16 16
128 64
8 8
512 256
8 256
16 8
8 16
16 8
8 256
16 8
256 128
512 16
64 32
64 16
8 8
512 256
64 128
64 128
512 32
256 128
16 16
128 64
8 8
64 32
16 512
32 16
128 64
32 16
256 8
16 128
64 128
256 128
256 64
128 32
128 64
128 512
8 512
256 16
16 16
64 64
256 128
256 32
32 16
32 32
128 64
128 128
64 32
64 32
8 16
32 128
8 8
8 8
256 128
16 32
16 8
8 512
8 8
512 64
32 32
16 32
16 256
16 8
16 64
16 8
8 8
64 32
32 16
16 8
256 128
64 16
128 64
32 16
128 32
8 8
64 128
32 16
8 128
512 256
32 16
16 8
64 32
256 256
256 512
512 256
16 8
16 64
256 256
256 512
128 256
512 256
32 512
512 256
16 16
256 256
512 512
16 16
256 256
1024 1024
256 256
512 512
1024 1024
512 512
16 16
32 32
32 32
16 16
1024 1024
128 128
64 64
64 64
1024 1024
64 64
8 16
128 16
512 512
16 64
512 2048
8 512
1024 16
8 1024
8 8
16 1024
1024 8
256 512
8 16
1024 256
256 32
64 512
256 8
64 32
512 128
8 256
16 8
16 16
1024 64
1024 128
16 1024
16 256
1024 8
16 32
256 64
64 64
512 128
128 8
512 512
256 512
8 128
256 16
256 64
8 1024
16 64
512 1024
128 64
64 128
128 256
1024 512
8 16
64 32
128 64
32 512
512 32
8 64
512 256
64 8
64 128
512 32
512 512
256 256
128 128
1024 128
512 16
512 1024
64 16
1024 1024
64 512
256 128
64 32
256 128
256 128
512 8
256 32
512 32
1024 16
128 8
1024 1024
8 32
512 16
64 32
512 128
32 8
32 256
128 256
