2048 200
128 64
8 8
512 256
32 16
128 64
32 16
128 16
128 512
16 8
64 32
128 32
16 8
32 16
256 256
256 128
8 32
512 8
512 256
32 16
64 32
64 32
512 128
8 32
64 32
256 8
64 16
512 128
128 64
128 256
8 8
64 32
64 512
32 16
256 512
256 8
128 64
256 128
32 16
32 512
8 8
16 8
8 128
512 256
8 64
64 8
8 8
32 16
8 8
32 32
512 512
16 8
32 16
8 128
128 64
256 128
128 16
256 512
16 256
64 32
32 32
64 32
256 8
64 8
32 128
16 16
8 8
128 512
256 16
16 8
64 32
256 128
256 128
8 8
128 64
128 32
256 128
256 32
64 256
128 64
32 16
32 16
256 64
16 512
128 32
128 64
8 8
64 512
512 256
512 256
8 8
64 256
16 8
128 64
512 256
16 8
128 8
16 8
8 8
256 128
16 8
256 256
8 8
512 512
64 64
1024 1024
32 32
1024 1024
8 8
8 8
1024 1024
32 32
512 512
512 512
8 8
64 64
512 512
8 8
1024 1024
128 128
8 8
32 8
32 16
64 512
16 512
16 32
2048 32
256 32
64 256
32 256
2048 16
1024 128
32 128
1024 32
1024 128
64 128
32 128
1024 256
16 1024
64 256
128 16
256 1024
8 128
256 16
1024 256
64 32
32 64
1024 512
1024 256
128 8
128 512
128 8
32 16
1024 128
128 32
128 1024
128 16
128 16
32 8
128 128
64 512
1024 32
64 32
512 64
128 64
1024 128
64 8
128 16
32 512
32 512
64 8
256 32
8 1024
64 256
8 128
8 16
32 32
128 512
8 32
128 64
8 512
64 16
16 64
1024 256
64 1024
512 256
128 1024
256 32
8 128
64 32
128 1024
8 256
8 8
8 32
8 128
256 64
1024 8
64 256
128 512
16 32
512 512
