2048 200
128 8
16 64
512 256
256 128
512 256
8 8
64 16
8 8
16 8
512 16
64 8
512 256
32 128
64 32
512 256
32 16
256 128
256 64
64 128
128 512
8 8
512 256
8 8
32 64
64 512
64 32
8 128
256 128
128 16
64 8
8 8
8 256
16 8
512 256
256 8
16 8
32 32
256 128
16 8
32 16
8 8
8 32
128 64
8 8
16 8
512 256
32 16
32 16
8 64
16 16
256 8
128 128
64 256
512 128
256 128
512 8
256 128
8 64
64 64
256 512
16 512
128 64
128 16
128 256
8 8
64 32
32 128
128 64
8 16
256 16
128 16
8 8
256 8
128 16
64 32
512 256
128 128
8 16
16 8
8 32
64 32
128 32
256 128
16 8
128 64
512 256
8 512
128 64
32 512
128 512
512 256
256 128
512 256
64 32
32 128
8 8
64 32
32 256
512 8
16 512
8 8
64 64
256 256
1024 1024
32 32
256 256
8 8
16 16
16 16
64 64
128 128
8 8
64 64
16 16
32 32
256 256
32 32
64 64
128 128
128 128
16 32
32 2048
8 2048
8 1024
128 2048
16 512
64 8
16 32
16 256
16 1024
16 64
256 16
512 128
8 16
1024 64
32 128
16 128
16 32
512 64
8 8
128 8
32 16
64 8
32 512
128 64
32 64
64 256
8 1024
256 64
512 16
128 1024
1024 64
16 256
16 128
1024 32
32 16
64 256
16 512
16 64
8 64
16 32
128 512
8 8
8 16
1024 16
128 64
256 32
32 512
512 64
16 1024
128 64
64 64
1024 128
1024 1024
1024 1024
64 64
512 64
64 1024
256 8
32 32
512 32
64 64
32 8
128 16
1024 128
8 16
32 128
512 16
256 128
32 512
16 256
1024 1024
64 16
1024 64
128 128
512 1024
512 512
256 16
1024 32
16 8
