2048 500
512 256
64 32
128 64
8 8
512 256
8 8
512 256
64 32
256 16
16 8
512 256
64 32
128 64
8 256
256 16
128 64
64 32
64 256
64 16
8 8
128 64
32 8
512 16
16 8
256 128
16 8
32 64
32 16
128 64
128 256
128 64
32 16
8 8
32 256
512 256
64 32
128 64
128 64
32 16
512 256
128 64
256 128
128 64
128 64
32 256
32 128
128 512
8 16
32 16
8 128
16 8
16 8
16 8
512 256
8 8
256 512
8 8
8 128
64 32
128 64
16 8
128 8
32 16
64 32
64 32
8 8
512 256
8 8
8 16
8 8
512 256
8 8
8 512
512 256
512 256
16 8
256 8
32 16
256 128
8 8
512 256
512 256
256 256
512 256
16 8
64 32
512 256
512 8
16 8
16 8
256 128
512 256
128 64
256 128
64 16
8 32
16 128
8 8
512 512
16 64
64 512
256 16
32 64
256 64
512 8
16 16
32 16
16 8
16 8
8 16
256 128
16 128
128 32
512 32
512 32
16 128
8 64
32 8
256 16
32 16
64 32
256 128
512 256
8 16
32 16
8 8
512 32
16 8
128 256
32 16
256 256
512 256
128 32
8 8
32 16
16 256
8 8
64 64
512 256
8 8
512 512
512 256
256 128
16 8
512 16
128 64
32 256
512 256
64 32
32 32
32 16
128 128
16 8
128 256
128 32
128 512
16 8
8 128
128 64
64 32
64 128
64 16
64 32
16 8
256 64
8 8
16 8
128 64
8 8
64 128
32 64
128 512
64 32
512 512
128 64
64 256
8 8
256 256
512 256
64 128
64 32
128 64
512 256
64 32
16 8
128 64
16 32
128 32
16 8
512 64
512 16
8 8
256 128
8 512
8 8
128 64
256 512
8 32
512 16
256 64
128 32
128 256
256 128
32 256
256 128
8 32
8 8
256 128
8 8
64 32
16 128
256 128
16 8
8 128
256 64
16 8
64 128
512 256
256 128
32 16
8 128
16 16
512 512
256 32
64 32
128 128
8 8
512 256
32 16
16 512
512 256
32 256
32 512
128 8
32 16
256 128
512 256
512 256
64 512
64 8
64 32
256 8
256 128
64 128
8 64
256 16
512 256
16 128
32 16
32 512
16 16
512 512
16 16
64 64
16 16
1024 1024
128 128
8 8
16 16
128 128
8 8
1024 1024
64 64
64 64
16 16
128 128
8 8
64 64
128 128
128 128
8 8
32 32
8 8
32 32
32 32
8 8
32 32
64 64
512 512
128 128
256 256
64 64
512 512
1024 1024
32 32
32 32
1024 1024
256 256
16 16
16 16
1024 1024
256 256
16 16
1024 1024
1024 1024
1024 1024
64 64
16 16
256 256
8 8
2048 8
2048 8
128 2048
64 16
32 64
32 2048
16 512
8 2048
32 512
256 8
2048 32
8 2048
8 1024
16 128
2048 32
8 8
16 32
16 512
8 128
1024 16
32 256
32 128
32 128
8 16
8 256
32 1024
256 16
32 64
256 64
128 8
256 16
16 64
128 512
512 32
64 64
8 512
32 128
16 16
256 1024
16 32
16 1024
256 512
16 64
16 8
8 128
8 8
512 256
256 8
512 64
128 128
16 256
8 256
64 64
64 512
16 1024
256 128
64 512
512 256
512 8
64 1024
8 8
256 128
1024 64
16 512
32 32
128 64
1024 16
8 16
128 32
256 1024
512 16
8 1024
128 256
1024 512
16 16
128 16
64 512
256 256
1024 64
256 512
32 256
64 128
64 256
1024 128
8 64
64 16
64 256
32 32
256 16
1024 8
16 256
256 1024
1024 32
32 128
32 64
16 8
8 32
512 128
32 256
1024 16
512 256
1024 128
512 128
16 64
64 64
256 1024
16 512
64 16
64 32
1024 8
256 256
128 16
128 64
16 512
512 128
512 512
16 128
512 128
512 64
16 8
256 1024
256 128
128 128
8 32
8 64
512 16
512 64
32 128
8 1024
256 32
128 512
1024 32
512 128
8 64
8 8
64 512
512 1024
1024 32
8 512
256 32
1024 256
128 64
256 512
256 1024
128 128
128 128
16 1024
8 1024
512 8
16 8
32 1024
1024 256
16 256
64 32
256 128
512 1024
64 8
1024 128
256 8
64 128
256 128
16 16
1024 128
16 128
512 512
16 256
16 512
256 32
128 512
32 16
512 128
128 1024
8 64
32 64
256 8
32 1024
32 32
512 1024
512 128
128 64
64 8
1024 512
8 32
128 1024
128 256
256 1024
512 512
32 16
1024 32
1024 512
8 256
128 128
32 1024
32 1024
64 1024
256 8
64 32
64 64
32 1024
512 16
