2048 200
16 128
64 32
512 128
8 32
16 128
8 8
32 8
8 8
256 512
16 8
256 32
64 512
32 8
32 8
16 128
16 8
16 16
16 8
128 64
64 32
512 64
128 64
512 8
256 128
32 64
32 8
128 64
32 16
32 16
64 128
512 256
128 64
256 128
16 8
512 256
512 256
256 128
256 16
256 128
16 8
512 8
128 32
256 32
32 16
64 256
16 8
8 8
32 16
128 64
8 8
16 128
16 8
16 16
8 32
8 8
16 8
128 64
16 8
256 128
64 256
128 64
512 256
128 64
64 8
128 64
128 64
512 256
16 8
256 32
256 128
256 128
16 128
512 256
512 32
16 64
16 16
8 8
32 16
128 16
32 16
8 128
512 256
512 64
256 128
128 16
8 8
64 32
512 256
128 64
8 8
128 64
256 128
512 256
8 8
512 256
64 32
512 64
8 256
512 256
256 128
64 64
8 8
512 512
32 32
256 256
64 64
512 512
8 8
8 8
512 512
256 256
256 256
256 256
256 256
32 32
1024 1024
128 128
16 16
64 64
128 128
8 2048
512 1024
16 64
512 2048
8 512
16 2048
1024 32
16 128
8 256
16 16
256 64
64 32
256 8
256 128
64 256
64 1024
64 1024
64 64
128 8
128 1024
1024 256
8 32
256 256
128 16
32 128
8 128
512 512
32 64
128 128
8 128
16 128
256 16
16 64
512 128
16 32
256 16
256 512
256 128
64 32
32 8
16 128
512 256
128 128
512 16
256 64
8 8
16 64
512 1024
512 32
32 256
256 128
8 16
8 8
64 64
128 512
512 128
32 8
16 32
256 512
512 16
8 16
16 64
128 16
512 512
128 128
128 16
256 1024
1024 16
128 128
512 256
128 256
64 64
512 1024
512 1024
8 16
8 512
128 512
64 256
256 128
16 32
