2048 100
128 16
8 16
256 64
32 16
512 256
16 16
64 32
128 256
32 16
128 64
32 16
16 16
64 32
16 128
256 16
128 128
32 16
32 64
512 256
16 8
16 32
8 8
128 64
8 8
64 512
64 32
32 16
128 128
128 64
16 512
16 8
16 8
64 256
16 8
128 128
64 32
16 512
16 8
256 128
512 256
512 256
256 128
64 32
256 256
512 512
64 128
512 8
32 8
64 64
512 256
512 512
128 128
16 16
16 16
256 256
1024 1024
1024 1024
1024 1024
32 32
1024 1024
16 32
128 2048
512 32
2048 32
512 32
256 32
16 16
32 1024
1024 16
64 256
32 512
32 32
8 1024
1024 64
32 16
128 64
512 1024
8 32
16 512
512 16
1024 64
256 128
8 32
16 32
32 16
512 128
128 8
512 1024
64 1024
512 8
128 128
128 256
256 8
16 8
256 256
16 1024
64 64
32 1024
16 512
32 256
