2048 500
16 8
32 16
16 8
48 32
512 512
32 16
128 256
64 64
8 8
256 256
8 8
64 32
64 128
64 64
128 64
128 128
32 16
256 128
112 32
80 48
8 8
256 128
16 32
8 8
512 256
256 128
128 128
32 64
8 8
128 64
128 128
32 16
16 16
64 128
32 16
64 64
32 16
512 512
32 64
64 128
8 8
512 256
48 48
8 16
512 512
8 8
32 16
48 64
128 256
8 8
512 512
32 80
16 8
128 64
64 64
128 64
8 8
8 8
128 128
512 512
8 8
64 64
64 128
64 32
256 512
32 16
256 256
256 256
256 512
8 8
64 64
8 16
8 8
512 512
32 64
512 256
96 32
128 128
8 16
16 16
8 8
128 128
112 64
64 32
16 32
128 128
32 32
32 64
16 32
256 256
32 64
8 8
64 32
48 64
64 32
512 256
512 256
16 8
256 128
128 64
128 64
128 64
48 80
32 64
128 128
8 8
128 256
8 8
16 8
64 32
512 512
16 16
64 32
128 128
16 8
128 128
8 8
8 16
32 16
112 48
256 512
64 32
32 16
128 256
128 256
64 32
32 64
48 64
16 8
8 8
64 32
128 128
512 256
128 128
8 8
16 16
256 512
96 80
64 64
32 32
64 64
64 32
64 64
128 256
64 128
64 64
512 512
8 16
32 16
8 8
512 512
32 16
64 32
512 256
128 256
16 32
48 48
96 64
48 32
8 8
8 8
64 32
512 256
32 32
128 64
96 48
64 64
256 512
64 32
16 16
8 8
128 256
32 16
32 32
64 128
64 128
128 128
16 8
128 256
256 256
16 8
80 80
16 32
112 64
128 64
8 16
80 32
32 32
64 64
32 64
16 32
64 32
256 512
8 8
128 128
512 512
512 512
32 32
512 512
128 256
128 64
16 8
256 256
256 512
128 128
96 64
512 256
64 128
128 256
8 8
128 64
8 8
64 128
112 48
64 64
16 8
256 512
8 8
8 8
32 16
256 128
256 128
16 8
16 16
128 256
256 256
64 128
512 512
8 8
32 64
8 8
8 8
8 8
256 128
16 32
256 512
256 256
32 64
32 16
80 32
8 8
32 64
512 512
16 16
256 128
16 8
32 32
8 8
64 32
128 256
96 80
96 80
96 64
16 16
512 256
64 32
128 256
96 32
512 256
256 512
256 256
16 32
32 80
8 8
512 512
256 256
112 32
8 16
256 128
128 128
16 8
32 32
16 16
16 32
32 16
128 64
8 16
8 8
16 32
16 8
8 16
80 48
512 512
64 128
256 512
64 32
16 8
128 64
128 128
96 64
64 128
8 8
256 512
32 64
32 64
128 64
32 32
8 16
112 80
32 32
32 32
64 64
16 16
64 128
16 32
128 256
128 256
32 32
32 32
512 256
512 512
256 128
8 8
16 8
8 8
16 32
64 64
256 512
128 128
16 16
256 256
256 128
80 80
256 256
512 512
8 8
32 32
64 128
16 16
128 128
16 16
256 128
112 80
64 128
256 128
512 256
64 64
64 32
32 16
256 128
16 8
64 128
16 16
512 512
8 8
512 512
96 48
32 16
32 64
64 80
64 80
80 64
64 32
512 256
256 128
64 48
16 8
128 64
8 16
64 64
32 64
8 8
256 128
96 64
256 512
256 128
8 16
128 64
512 512
128 128
128 64
64 128
256 512
48 48
80 32
8 8
8 8
128 64
128 256
8 8
128 64
8 16
64 64
512 512
8 8
8 8
256 512
128 64
128 256
512 512
128 256
48 48
8 8
128 64
8 8
64 48
64 64
256 256
16 8
96 48
16 8
32 32
32 16
8 8
48 48
256 128
128 64
256 256
128 256
32 64
128 64
64 32
48 48
16 16
32 16
256 256
96 80
48 80
64 128
16 16
64 32
512 512
16 16
256 128
32 32
64 64
32 32
64 32
32 16
16 16
16 32
8 16
16 16
128 256
8 8
8 8
64 128
128 128
8 8
32 32
128 128
8 16
32 64
128 256
16 8
256 512
64 32
256 128
8 16
16 32
32 64
256 512
16 32
64 64
64 64
128 256
8 8
64 32
8 8
32 16
64 32
32 32
128 64
96 80
8 8
16 8
8 16
48 64
64 80
32 32
32 32
128 256
8 8
8 16
112 80
96 32
32 64
256 512
16 32
16 32
8 8
64 80
8 8
256 128
128 64
16 8
64 80
512 512
256 256
32 16
256 256
128 64
64 64
16 32
512 256
128 64
8 8
64 32
16 8
64 32
