2048 500
16 8
16 8
32 16
8 8
16 16
128 256
32 32
64 64
16 8
128 256
32 64
32 16
8 8
64 128
64 64
16 16
128 128
8 8
32 64
112 80
8 8
128 128
64 64
64 32
48 48
80 32
48 48
128 128
64 64
16 8
32 32
8 8
16 8
256 128
256 256
8 8
128 64
8 8
8 8
128 64
64 32
32 64
128 256
32 80
8 8
128 256
256 256
8 8
16 16
128 128
8 8
256 128
64 64
128 64
256 256
8 8
8 16
64 64
256 512
256 128
32 16
16 8
32 64
8 8
8 8
32 32
8 8
128 256
8 8
32 80
256 512
112 64
8 8
512 256
96 48
256 128
32 32
16 32
32 64
16 32
16 16
16 32
64 80
256 256
16 8
32 80
32 64
512 256
32 16
8 16
128 128
16 8
32 16
16 32
8 8
8 8
64 64
32 16
64 64
32 64
16 16
112 48
256 512
8 8
16 16
32 64
32 16
64 64
8 16
256 256
512 512
8 16
128 256
128 64
512 256
32 16
256 128
32 16
512 256
64 32
32 32
128 256
64 80
256 256
128 64
256 128
16 16
8 8
256 256
8 16
8 8
512 256
16 8
512 512
8 8
8 8
8 16
32 32
8 8
64 64
8 16
64 80
64 64
16 32
256 512
256 512
8 8
32 64
128 128
32 16
512 512
512 512
80 48
48 80
16 16
512 256
64 32
64 32
8 8
128 128
8 8
256 512
256 128
256 512
32 64
8 8
256 256
256 512
512 512
64 32
16 32
64 128
48 32
32 16
8 8
8 16
128 128
128 64
32 32
256 512
32 32
128 256
256 256
8 16
96 64
64 64
8 8
256 128
96 64
112 64
8 16
32 64
256 512
64 128
8 8
16 16
32 64
8 8
8 16
32 64
256 128
96 32
256 128
32 64
32 64
48 64
128 64
80 80
64 128
256 256
8 8
64 128
256 128
32 32
128 256
256 256
8 8
128 256
8 8
48 48
256 256
128 64
64 128
64 32
256 512
256 512
8 16
8 16
16 8
8 8
128 256
16 8
8 8
128 128
32 32
16 32
128 256
64 128
128 256
64 128
32 64
64 48
256 128
32 16
128 128
128 256
112 32
64 128
8 8
128 64
256 256
256 512
256 512
64 32
256 512
64 32
64 32
8 16
256 512
512 512
32 48
32 64
8 8
16 8
8 8
512 256
256 256
256 256
16 16
8 8
128 64
8 8
16 32
96 64
32 64
256 256
64 64
16 8
80 48
128 128
112 80
16 8
8 8
64 32
128 64
256 128
256 128
8 8
32 16
64 32
8 8
112 80
32 64
64 128
64 128
16 16
16 32
32 32
256 256
8 8
8 8
256 256
16 16
128 64
32 16
64 32
64 64
64 128
8 8
32 32
64 32
8 16
256 256
32 64
64 32
256 256
32 16
8 8
32 16
256 512
512 512
32 48
256 256
64 32
256 512
512 512
512 256
8 8
128 64
256 128
80 32
64 128
256 256
64 64
32 64
8 8
32 64
8 8
512 512
256 256
256 512
256 512
256 512
8 16
32 16
512 512
128 64
16 8
16 8
16 16
8 16
128 128
8 8
16 16
32 16
16 8
16 16
80 64
128 128
32 32
128 64
8 8
64 128
80 64
8 8
16 8
256 512
16 8
64 64
256 512
64 64
8 8
8 8
32 32
256 256
8 8
64 32
32 16
16 16
8 16
16 8
64 64
16 8
256 512
256 256
64 32
256 256
112 32
512 256
256 256
128 64
16 8
48 48
128 128
8 8
8 8
512 256
48 48
128 64
32 16
512 256
8 8
512 256
8 8
128 128
128 128
64 32
16 16
8 8
32 16
16 8
8 8
64 32
16 8
256 128
64 128
64 64
16 32
64 32
16 32
256 512
128 256
8 8
32 64
112 32
8 8
8 16
128 64
16 8
256 256
512 256
128 128
8 8
16 32
64 128
8 8
16 32
16 8
16 32
16 32
112 48
128 256
512 512
48 64
8 8
8 8
80 48
32 80
64 32
64 128
256 128
512 256
64 64
16 8
128 256
128 256
16 16
16 8
256 256
256 512
8 8
256 512
512 256
8 8
256 128
256 256
128 128
512 256
16 16
64 32
8 8
16 32
64 32
8 8
256 256
256 128
256 128
16 16
128 256
8 8
128 64
32 32
80 48
128 128
512 256
512 256
64 32
256 256
256 128
512 512
512 512
32 32
512 512
8 16
96 48
64 128
128 64
32 32
8 8
32 32
